[gd_scene load_steps=10 format=2]

[ext_resource path="res://MGF Scene/AssetsScene3D/AimPoint.tscn" type="PackedScene" id=1]
[ext_resource path="res://Assets3D/Team/ST/M_KiemSi.material" type="Material" id=2]
[ext_resource path="res://MGF Scene/Main Game/PlayerController.gd" type="Script" id=3]
[ext_resource path="res://MGF Scene/AssetsScene3D/Player/Player3DPhysic.tres" type="PhysicsMaterial" id=5]

[sub_resource type="PlaneMesh" id=1]

[sub_resource type="BoxShape3D" id=2]
margin = 0.01
size = Vector3( 0.0545439, 0.005, 0.0816447 )

[sub_resource type="BoxShape3D" id=3]
margin = 0.01
size = Vector3( 0.0258711, 0.005, 0.113276 )

[sub_resource type="BoxShape3D" id=4]
margin = 0.01
size = Vector3( 0.130148, 0.005, 0.021733 )

[sub_resource type="BoxShape3D" id=5]
margin = 0.01
size = Vector3( 0.036872, 0.005, 0.0362821 )

[node name="Character" type="RigidBody3D" groups=["units"]]
mass = 10.0
physics_material_override = ExtResource( 5 )
axis_lock_linear_y = true
axis_lock_angular_x = true
axis_lock_angular_z = true
script = ExtResource( 3 )
playerName = "Thần Chết"

[node name="MeshInstance3D" type="MeshInstance3D" parent="."]
transform = Transform3D( 0.22, 0, 0, 0, 1, 0, 0, 0, 0.22, -0.0125767, 0.01, 0.0267286 )
mesh = SubResource( 1 )
material/0 = ExtResource( 2 )

[node name="CollisionShape3D" type="CollisionShape3D" parent="."]
transform = Transform3D( 1, 0, 0, 0, 1, 0, 0, 0, 1, -0.0118446, 0, -0.0256285 )
shape = SubResource( 2 )

[node name="CollisionShape2" type="CollisionShape3D" parent="."]
transform = Transform3D( 0.922337, 0, -0.38639, 0, 1, 0, 0.38639, 0, 0.922337, -0.0678735, 0, 0.0673191 )
shape = SubResource( 3 )

[node name="CollisionShape3" type="CollisionShape3D" parent="."]
transform = Transform3D( 0.413326, 0, -0.910582, 0, 1, 0, 0.910582, 0, 0.413326, 0.0611469, 0, 0.0879935 )
shape = SubResource( 4 )

[node name="CollisionShape4" type="CollisionShape3D" parent="."]
transform = Transform3D( 0.999135, 0, -0.0415617, 0, 1, 0, 0.0415617, 0, 0.999135, -0.024275, 0, -0.108014 )
shape = SubResource( 5 )

[node name="RightPoint" parent="." instance=ExtResource( 1 )]
transform = Transform3D( 1, 0, 0, 0, 1, 0, 0, 0, 1, -0.0937113, 0, 0.147547 )

[node name="PivotPoint" parent="." instance=ExtResource( 1 )]

[node name="LeftPoint" parent="." instance=ExtResource( 1 )]
transform = Transform3D( 1, 0, 0, 0, 1, 0, 0, 0, 1, 0.106837, 0, 0.177183 )

[node name="AimPoint" parent="." instance=ExtResource( 1 )]
transform = Transform3D( 0.99996, 0, 0.00895342, 0, 1, 0, -0.00895342, 0, 0.99996, 0, 0, 0.145874 )
