[gd_scene load_steps=10 format=2]

[ext_resource path="res://MGF Scene/AssetsScene3D/AimPoint.tscn" type="PackedScene" id=1]
[ext_resource path="res://MGF Scene/Main Game/PlayerController.gd" type="Script" id=3]
[ext_resource path="res://Assets3D/Team/DV/M_DeMay.material" type="Material" id=4]

[sub_resource type="PhysicsMaterial" id=12]

[sub_resource type="PlaneMesh" id=14]

[sub_resource type="BoxShape3D" id=3]
margin = 0.01
size = Vector3( 0.39, 0.025, 0.57 )

[sub_resource type="BoxShape3D" id=7]
margin = 0.01
size = Vector3( 0.11, 0.025, 0.492952 )

[sub_resource type="BoxShape3D" id=15]
margin = 0.01
size = Vector3( 0.338535, 0.025, 0.13 )

[sub_resource type="BoxShape3D" id=4]
margin = 0.01
size = Vector3( 0.244904, 0.025, 0.295023 )

[node name="Character" type="RigidBody3D" groups=["units"]]
mass = 10.0
physics_material_override = SubResource( 12 )
continuous_cd = true
axis_lock_linear_y = true
axis_lock_angular_x = true
axis_lock_angular_z = true
script = ExtResource( 3 )
playerName = "Dê Máy"

[node name="MeshInstance3D" type="MeshInstance3D" parent="."]
transform = Transform3D( 1.14794, 0, -0.0697618, 0, 5, 0, 0.0688636, 0, 1.16291, -0.0010311, 0.01, -0.0063657 )
mesh = SubResource( 14 )
material/0 = ExtResource( 4 )

[node name="CollisionShape3D" type="CollisionShape3D" parent="."]
transform = Transform3D( 1, 0, 0, 0, 1, 0, 0, 0, 1, 0.0270843, 0, -0.150376 )
shape = SubResource( 3 )

[node name="CollisionShape2" type="CollisionShape3D" parent="."]
transform = Transform3D( 0.926634, 0, -0.375966, 0, 1, 0, 0.375966, 0, 0.926634, -0.41207, 0, 0.50809 )
shape = SubResource( 7 )

[node name="CollisionShape3" type="CollisionShape3D" parent="."]
transform = Transform3D( 0.0560482, 0, -0.998427, 0, 1, 0, 0.998427, 0, 0.0560482, 0.319342, 0, 0.458668 )
shape = SubResource( 15 )

[node name="CollisionShape4" type="CollisionShape3D" parent="."]
transform = Transform3D( 0.993802, 0, -0.111157, 0, 1, 0, 0.111157, 0, 0.993802, 0.387637, 0, -0.575189 )
shape = SubResource( 4 )

[node name="PivotPoint" parent="." instance=ExtResource( 1 )]

[node name="RightPoint" parent="." instance=ExtResource( 1 )]
transform = Transform3D( 1, 0, 0, 0, 1, 0, 0, 0, 1, -0.57663, 0, 0.884488 )

[node name="LeftPoint" parent="." instance=ExtResource( 1 )]
transform = Transform3D( 1, 0, 0, 0, 1, 0, 0, 0, 1, 0.34783, 0, 0.717719 )

[node name="AimPoint" parent="." instance=ExtResource( 1 )]
transform = Transform3D( 0.99996, 0, 0.00895342, 0, 1, 0, -0.00895342, 0, 0.99996, -0.115518, 0, 0.788825 )
