[gd_scene load_steps=10 format=2]

[ext_resource path="res://MGF Scene/AssetsScene3D/AimPoint.tscn" type="PackedScene" id=1]
[ext_resource path="res://MGF Scene/Main Game/PlayerController.gd" type="Script" id=3]
[ext_resource path="res://Assets3D/Team/DV/M_TrauChien.material" type="Material" id=4]

[sub_resource type="PhysicsMaterial" id=12]

[sub_resource type="PlaneMesh" id=14]

[sub_resource type="BoxShape3D" id=3]
margin = 0.01
size = Vector3( 0.465216, 0.025, 0.495 )

[sub_resource type="BoxShape3D" id=7]
margin = 0.01
size = Vector3( 0.115, 0.005, 0.475 )

[sub_resource type="BoxShape3D" id=8]
margin = 0.01
size = Vector3( 0.13, 0.025, 0.48 )

[sub_resource type="BoxShape3D" id=4]
margin = 0.01
size = Vector3( 0.335, 0.025, 0.285 )

[node name="Character" type="RigidBody3D" groups=["units"]]
mass = 10.0
physics_material_override = SubResource( 12 )
continuous_cd = true
axis_lock_linear_y = true
axis_lock_angular_x = true
axis_lock_angular_z = true
script = ExtResource( 3 )
playerName = "Trâu Chiến"

[node name="MeshInstance3D" type="MeshInstance3D" parent="."]
transform = Transform3D( 1.15, 0, 0, 0, 5, 0, 0, 0, 1.15, 0.021449, 0.01, -0.00158888 )
mesh = SubResource( 14 )
material/0 = ExtResource( 4 )

[node name="CollisionShape3D" type="CollisionShape3D" parent="."]
transform = Transform3D( 0.979967, 0, -0.199162, 0, 1, 0, 0.199162, 0, 0.979967, 0.038279, 0, -0.121082 )
shape = SubResource( 3 )

[node name="CollisionShape2" type="CollisionShape3D" parent="."]
transform = Transform3D( 0.904366, 0, -0.426759, 0, 1, 0, 0.426759, 0, 0.904366, -0.527889, 0, 0.599859 )
shape = SubResource( 7 )

[node name="CollisionShape3" type="CollisionShape3D" parent="."]
transform = Transform3D( 0.951926, 0, 0.306327, 0, 1, 0, -0.306327, 0, 0.951926, 0.266874, 0, 0.393928 )
shape = SubResource( 8 )

[node name="CollisionShape4" type="CollisionShape3D" parent="."]
transform = Transform3D( 0.96721, 0, -0.253977, 0, 1, 0, 0.253977, 0, 0.96721, 0.324002, 0, -0.557072 )
shape = SubResource( 4 )

[node name="PivotPoint" parent="." instance=ExtResource( 1 )]

[node name="RightPoint" parent="." instance=ExtResource( 1 )]
transform = Transform3D( 1, 0, 0, 0, 1, 0, 0, 0, 1, -0.684603, 0, 0.935674 )

[node name="LeftPoint" parent="." instance=ExtResource( 1 )]
transform = Transform3D( 1, 0, 0, 0, 1, 0, 0, 0, 1, 0.39735, 0, 0.752918 )

[node name="AimPoint" parent="." instance=ExtResource( 1 )]
transform = Transform3D( 0.99996, 0, 0.00895342, 0, 1, 0, -0.00895342, 0, 0.99996, -0.148936, 0, 0.840207 )
