[gd_scene load_steps=9 format=2]

[ext_resource path="res://MGF Scene/AssetsScene3D/AimPoint.tscn" type="PackedScene" id=1]
[ext_resource path="res://Assets3D/Team/CB/M_MayBua.material" type="Material" id=2]
[ext_resource path="res://MGF Scene/Main Game/PlayerController.gd" type="Script" id=3]

[sub_resource type="PhysicsMaterial" id=1]
bounce = 0.3

[sub_resource type="PlaneMesh" id=12]

[sub_resource type="BoxShape3D" id=4]
margin = 0.01
size = Vector3( 0.605, 0.025, 0.55 )

[sub_resource type="BoxShape3D" id=7]
margin = 0.01
size = Vector3( 0.525, 0.025, 0.162124 )

[sub_resource type="BoxShape3D" id=5]
margin = 0.01
size = Vector3( 0.15, 0.025, 0.185 )

[node name="Character" type="RigidBody3D" groups=["units"]]
mass = 10.0
physics_material_override = SubResource( 1 )
continuous_cd = true
axis_lock_linear_y = true
axis_lock_angular_x = true
axis_lock_angular_z = true
script = ExtResource( 3 )
playerName = "Máy Búa"

[node name="MeshInstance3D" type="MeshInstance3D" parent="."]
transform = Transform3D( 1.14875, 0, 0.053511, 0, 5, 0, -0.053511, 0, 1.14875, 0.0242901, 0.01, 0.0169313 )
mesh = SubResource( 12 )
material/0 = ExtResource( 2 )

[node name="CollisionShape3D" type="CollisionShape3D" parent="."]
transform = Transform3D( 1, 0, 0, 0, 1, 0, 0, 0, 1, -0.0110597, 0, -0.241272 )
shape = SubResource( 4 )

[node name="CollisionShape2" type="CollisionShape3D" parent="."]
transform = Transform3D( 0.19461, 0, 0.980881, 0, 1, 0, -0.980881, 0, 0.19461, -0.544058, 0, 0.304973 )
shape = SubResource( 7 )

[node name="CollisionShape3" type="CollisionShape3D" parent="."]
transform = Transform3D( -0.424705, 0, 0.905332, 0, 1, 0, -0.905332, 0, -0.424705, 0.474833, 0, 0.472687 )
shape = SubResource( 7 )

[node name="CollisionShape4" type="CollisionShape3D" parent="."]
transform = Transform3D( 0.993431, 0, 0.114435, 0, 1, 0, -0.114435, 0, 0.993431, -0.296049, 0, -0.72047 )
shape = SubResource( 5 )

[node name="RightPoint" parent="." instance=ExtResource( 1 )]
transform = Transform3D( 1, 0, 0, 0, 1, 0, 0, 0, 1, -0.631943, 0, 0.679951 )

[node name="PivotPoint" parent="." instance=ExtResource( 1 )]

[node name="AimPoint" parent="." instance=ExtResource( 1 )]
transform = Transform3D( 1, 0, 0, 0, 1, 0, 0, 0, 1, 0.075, 0, 0.84 )

[node name="LeftPoint" parent="." instance=ExtResource( 1 )]
transform = Transform3D( 1, 0, 0, 0, 1, 0, 0, 0, 1, 0.627815, 0, 0.83247 )
