[gd_scene load_steps=9 format=3 uid="uid://cmtil4yncax7n"]

[ext_resource type="PackedScene" path="res://MGF Scene/AssetsScene3D/AimPoint.tscn" id="1"]
[ext_resource type="Script" path="res://MGF Scene/Main Game/PlayerController.gd" id="2"]

[sub_resource type="PhysicsMaterial" id="1"]
bounce = 0.3

[sub_resource type="PlaneMesh" id="16"]

[sub_resource type="BoxShape3D" id="17"]
margin = 0.01
size = Vector3(0.27, 0.1, 0.506)

[sub_resource type="BoxShape3D" id="5"]
margin = 0.01
size = Vector3(0.075, 0.1, 0.385)

[sub_resource type="BoxShape3D" id="8"]
margin = 0.01
size = Vector3(0.1, 0.1, 0.265)

[sub_resource type="BoxShape3D" id="14"]
margin = 0.01
size = Vector3(0.095, 0.1, 0.133)

[node name="Character" type="RigidBody3D" groups=["units"]]
axis_lock_linear_y = true
axis_lock_angular_x = true
axis_lock_angular_z = true
mass = 10.0
physics_material_override = SubResource("1")
continuous_cd = true
script = ExtResource("2")
playerName = "Võ Sĩ"

[node name="MeshInstance3D" type="MeshInstance3D" parent="."]
transform = Transform3D(1.25, 0, 0, 0, 1, 0, 0, 0, 1.15, -0.007, 0.01, -0.003)
mesh = SubResource("16")

[node name="CollisionShape3D" type="CollisionShape3D" parent="."]
transform = Transform3D(1, 0, 0, 0, 1, 0, 0, 0, 1, 0.117848, 0, -0.0565036)
shape = SubResource("17")

[node name="CollisionShape2" type="CollisionShape3D" parent="."]
transform = Transform3D(0.926968, 0, -0.375141, 0, 1, 0, 0.375141, 0, 0.926968, -0.25558, 1.19209e-07, 0.610522)
shape = SubResource("5")

[node name="CollisionShape3" type="CollisionShape3D" parent="."]
transform = Transform3D(0.999487, 0, 0.0320211, 0, 1, 0, -0.0320211, 0, 0.999487, 0.330931, 0, 0.458759)
shape = SubResource("8")

[node name="CollisionShape4" type="CollisionShape3D" parent="."]
transform = Transform3D(0.996501, 0, 0.0835905, 0, 1, 0, -0.0835905, 0, 0.996501, 0.182727, 0, -0.667024)
shape = SubResource("14")

[node name="RightPoint" parent="." instance=ExtResource("1")]
transform = Transform3D(1, 0, 0, 0, 1, 0, 0, 0, 1, -0.35328, 0, 0.867127)

[node name="PivotPoint" parent="." instance=ExtResource("1")]

[node name="LeftPoint" parent="." instance=ExtResource("1")]
transform = Transform3D(1, 0, 0, 0, 1, 0, 0, 0, 1, 0.335936, 0, 0.626746)

[node name="AimPoint" parent="." instance=ExtResource("1")]
transform = Transform3D(0.99996, 0, 0.00895342, 0, 1, 0, -0.00895342, 0, 0.99996, 0.0136911, 0, 0.802669)
