[gd_scene load_steps=10 format=2]

[ext_resource path="res://MGF Scene/AssetsScene3D/AimPoint.tscn" type="PackedScene" id=1]
[ext_resource path="res://Assets3D/Team/ST/M_TuSi.material" type="Material" id=2]
[ext_resource path="res://MGF Scene/Main Game/PlayerController.gd" type="Script" id=3]
[ext_resource path="res://MGF Scene/AssetsScene3D/Player/Player3DPhysic.tres" type="PhysicsMaterial" id=5]

[sub_resource type="PlaneMesh" id=22]

[sub_resource type="BoxShape3D" id=12]
size = Vector3( 0.0894863, 0.005, 0.120778 )

[sub_resource type="BoxShape3D" id=15]
size = Vector3( 0.0389951, 0.005, 0.0735247 )

[sub_resource type="BoxShape3D" id=16]
size = Vector3( 0.074451, 0.005, 0.0405877 )

[sub_resource type="BoxShape3D" id=13]
size = Vector3( 0.0441304, 0.005, 0.0402477 )

[node name="Character" type="RigidBody3D" groups=["units"]]
mass = 10.0
physics_material_override = ExtResource( 5 )
axis_lock_linear_y = true
axis_lock_angular_x = true
axis_lock_angular_z = true
script = ExtResource( 3 )
playerName = "Tu Sĩ"

[node name="MeshInstance3D" type="MeshInstance3D" parent="."]
transform = Transform3D( 0.25, 0, 0, 0, 1, 0, 0, 0, 0.25, -0.00547107, 0.01, -0.0279274 )
mesh = SubResource( 22 )
material/0 = ExtResource( 2 )

[node name="CollisionShape3D" type="CollisionShape3D" parent="."]
transform = Transform3D( 1, 0, 0, 0, 1, 0, 0, 0, 1, -0.00732874, 0, -0.0536752 )
shape = SubResource( 12 )

[node name="CollisionShape2" type="CollisionShape3D" parent="."]
transform = Transform3D( 0.964374, 0, 0.264546, 0, 1, 0, -0.264546, 0, 0.964374, 0.0505303, 0, 0.0817296 )
shape = SubResource( 15 )

[node name="CollisionShape3" type="CollisionShape3D" parent="."]
transform = Transform3D( 0.229099, 0, 0.973405, 0, 1, 0, -0.973405, 0, 0.229099, -0.0664166, 0, 0.0878875 )
shape = SubResource( 16 )

[node name="CollisionShape4" type="CollisionShape3D" parent="."]
transform = Transform3D( -0.0355089, 0, 0.99937, 0, 1, 0, -0.99937, 0, -0.0355089, -0.0118826, 0, -0.173075 )
shape = SubResource( 13 )

[node name="PivotPoint" parent="." instance=ExtResource( 1 )]

[node name="RightPoint" parent="." instance=ExtResource( 1 )]
transform = Transform3D( 1, 0, 0, 0, 1, 0, 0, 0, 1, -0.0726839, 0, 0.136771 )

[node name="LeftPoint" parent="." instance=ExtResource( 1 )]
transform = Transform3D( 1, 0, 0, 0, 1, 0, 0, 0, 1, 0.0655434, 0, 0.130232 )

[node name="AimPoint" parent="." instance=ExtResource( 1 )]
transform = Transform3D( 0.99996, 0, 0.00895342, 0, 1, 0, -0.00895342, 0, 0.99996, 0, 0, 0.158593 )
