[gd_scene load_steps=10 format=2]

[ext_resource path="res://MGF Scene/AssetsScene3D/AimPoint.tscn" type="PackedScene" id=1]
[ext_resource path="res://Assets3D/Team/RO/M_RongKhungLong.material" type="Material" id=2]
[ext_resource path="res://MGF Scene/Main Game/PlayerController.gd" type="Script" id=3]

[sub_resource type="PhysicsMaterial" id=11]

[sub_resource type="PlaneMesh" id=22]

[sub_resource type="BoxShape3D" id=12]
size = Vector3( 0.0795809, 0.005, 0.0953924 )

[sub_resource type="BoxShape3D" id=13]
size = Vector3( 0.109543, 0.005, 0.0444296 )

[sub_resource type="BoxShape3D" id=16]
size = Vector3( 0.114611, 0.005, 0.038053 )

[sub_resource type="BoxShape3D" id=15]
size = Vector3( 0.0494222, 0.005, 0.0604361 )

[node name="Character" type="RigidBody3D" groups=["units"]]
mass = 10.0
physics_material_override = SubResource( 11 )
continuous_cd = true
axis_lock_linear_y = true
axis_lock_angular_x = true
axis_lock_angular_z = true
script = ExtResource( 3 )
playerName = "Rồng Khủng Long"

[node name="MeshInstance3D" type="MeshInstance3D" parent="."]
transform = Transform3D( 0.24, 0, 0, 0, 1, 0, 0, 0, 0.24, 0.00752883, 0.01, 0.0104942 )
mesh = SubResource( 22 )
material/0 = ExtResource( 2 )

[node name="CollisionShape3D" type="CollisionShape3D" parent="."]
transform = Transform3D( 0.998159, 0, 0.0606479, 0, 1, 0, -0.0606479, 0, 0.998159, 0.0125135, 0, -0.0427604 )
shape = SubResource( 12 )

[node name="CollisionShape2" type="CollisionShape3D" parent="."]
transform = Transform3D( 0.650629, 0, 0.759396, 0, 1, 0, -0.759396, 0, 0.650629, -0.0721241, 0, 0.0859876 )
shape = SubResource( 13 )

[node name="CollisionShape3" type="CollisionShape3D" parent="."]
transform = Transform3D( 0.603961, 0, -0.797017, 0, 1, 0, 0.797017, 0, 0.603961, 0.0737588, -37.3568, 0.101143 )
shape = SubResource( 16 )

[node name="CollisionShape4" type="CollisionShape3D" parent="."]
transform = Transform3D( 0.59754, 0, -0.801839, 0, 1, 0, 0.801839, 0, 0.59754, -0.0327759, 0, -0.123906 )
shape = SubResource( 15 )

[node name="RightPoint" parent="." instance=ExtResource( 1 )]
transform = Transform3D( 1, 0, 0, 0, 1, 0, 0, 0, 1, -0.121395, 0, 0.154972 )

[node name="PivotPoint" parent="." instance=ExtResource( 1 )]

[node name="LeftPoint" parent="." instance=ExtResource( 1 )]
transform = Transform3D( 1, 0, 0, 0, 1, 0, 0, 0, 1, 0.119187, 0, 0.163985 )

[node name="AimPoint" parent="." instance=ExtResource( 1 )]
transform = Transform3D( 0.99996, 0, 0.00895342, 0, 1, 0, -0.00895342, 0, 0.99996, 0.00400913, 0, 0.151888 )
