[gd_scene load_steps=10 format=2]

[ext_resource path="res://MGF Scene/AssetsScene3D/AimPoint.tscn" type="PackedScene" id=1]
[ext_resource path="res://Assets3D/Team/RO/M_RongHaiDau.material" type="Material" id=2]
[ext_resource path="res://MGF Scene/Main Game/PlayerController.gd" type="Script" id=3]

[sub_resource type="PhysicsMaterial" id=11]

[sub_resource type="PlaneMesh" id=22]

[sub_resource type="BoxShape3D" id=12]
size = Vector3( 0.0773821, 0.005, 0.112766 )

[sub_resource type="BoxShape3D" id=16]
size = Vector3( 0.125562, 0.005, 0.0279527 )

[sub_resource type="BoxShape3D" id=15]
size = Vector3( 0.0326439, 0.005, 0.117591 )

[sub_resource type="BoxShape3D" id=20]
size = Vector3( 0.170466, 0.005, 0.0566597 )

[node name="Character" type="RigidBody3D" groups=["units"]]
mass = 10.0
physics_material_override = SubResource( 11 )
continuous_cd = true
axis_lock_linear_y = true
axis_lock_angular_x = true
axis_lock_angular_z = true
script = ExtResource( 3 )
playerName = "Rồng Hai Đầu"

[node name="MeshInstance3D" type="MeshInstance3D" parent="."]
transform = Transform3D( 0.24, 0, 0, 0, 1, 0, 0, 0, 0.24, -0.0221617, 0.01, -0.0243916 )
mesh = SubResource( 22 )
material/0 = ExtResource( 2 )

[node name="CollisionShape3D" type="CollisionShape3D" parent="."]
transform = Transform3D( 1, 0, 0, 0, 1, 0, 0, 0, 1, -0.014876, 0, -0.0642048 )
shape = SubResource( 12 )

[node name="CollisionShape2" type="CollisionShape3D" parent="."]
transform = Transform3D( 0.377793, 0, 0.925893, 0, 1, 0, -0.925893, 0, 0.377793, -0.0867008, 0, 0.0564899 )
shape = SubResource( 16 )

[node name="CollisionShape3" type="CollisionShape3D" parent="."]
transform = Transform3D( 0.906956, 0, 0.421225, 0, 1, 0, -0.421225, 0, 0.906956, 0.0709751, 0, 0.0607367 )
shape = SubResource( 15 )

[node name="CollisionShape4" type="CollisionShape3D" parent="."]
transform = Transform3D( 0.998465, 0, 0.0553859, 0, 1, 0, -0.0553859, 0, 0.998465, -0.0363471, 0, -0.161459 )
shape = SubResource( 20 )

[node name="RightPoint" parent="." instance=ExtResource( 1 )]
transform = Transform3D( 1, 0, 0, 0, 1, 0, 0, 0, 1, -0.120565, 0, 0.14579 )

[node name="PivotPoint" parent="." instance=ExtResource( 1 )]

[node name="LeftPoint" parent="." instance=ExtResource( 1 )]
transform = Transform3D( 1, 0, 0, 0, 1, 0, 0, 0, 1, 0.104629, 0, 0.14045 )

[node name="AimPoint" parent="." instance=ExtResource( 1 )]
transform = Transform3D( 0.99996, 0, 0.00895342, 0, 1, 0, -0.00895342, 0, 0.99996, -0.000113428, 0, 0.1277 )
