[gd_scene load_steps=10 format=2]

[ext_resource path="res://MGF Scene/AssetsScene3D/AimPoint.tscn" type="PackedScene" id=1]
[ext_resource path="res://MGF Scene/Main Game/PlayerController.gd" type="Script" id=3]
[ext_resource path="res://Assets3D/Team/QB/M_BongDem.material" type="Material" id=4]
[ext_resource path="res://MGF Scene/AssetsScene3D/Player/Player3DPhysic.tres" type="PhysicsMaterial" id=5]

[sub_resource type="PlaneMesh" id=14]

[sub_resource type="BoxShape3D" id=3]
margin = 0.01
size = Vector3( 0.345, 0.025, 0.38 )

[sub_resource type="BoxShape3D" id=7]
margin = 0.01
size = Vector3( 0.11, 0.025, 0.446287 )

[sub_resource type="BoxShape3D" id=8]
margin = 0.01
size = Vector3( 0.104157, 0.025, 0.634637 )

[sub_resource type="BoxShape3D" id=4]
margin = 0.01
size = Vector3( 0.25, 0.025, 0.18 )

[node name="Character" type="RigidBody3D" groups=["units"]]
mass = 10.0
physics_material_override = ExtResource( 5 )
axis_lock_linear_y = true
axis_lock_angular_x = true
axis_lock_angular_z = true
script = ExtResource( 3 )
playerName = "Bóng Đêm"

[node name="MeshInstance3D" type="MeshInstance3D" parent="."]
transform = Transform3D( 1.2, 0, 0, 0, 5, 0, 0, 0, 1.2, 0.00331241, 0.01, 0.00202035 )
mesh = SubResource( 14 )
material/0 = ExtResource( 4 )

[node name="CollisionShape3D" type="CollisionShape3D" parent="."]
transform = Transform3D( 1, 0, 0, 0, 1, 0, 0, 0, 1, 0.00931926, 0, -0.311144 )
shape = SubResource( 3 )

[node name="CollisionShape2" type="CollisionShape3D" parent="."]
transform = Transform3D( 0.953197, 0, -0.302354, 0, 1, 0, 0.302354, 0, 0.953197, -0.345058, 0, 0.314145 )
shape = SubResource( 7 )

[node name="CollisionShape3" type="CollisionShape3D" parent="."]
transform = Transform3D( 0.929828, 0, 0.367995, 0, 1, 0, -0.367995, 0, 0.929828, 0.310298, 0, 0.392591 )
shape = SubResource( 8 )

[node name="CollisionShape4" type="CollisionShape3D" parent="."]
transform = Transform3D( 0.665608, 0, -0.746301, 0, 1, 0, 0.746301, 0, 0.665608, 0.136042, 0, -0.720066 )
shape = SubResource( 4 )

[node name="PivotPoint" parent="." instance=ExtResource( 1 )]

[node name="RightPoint" parent="." instance=ExtResource( 1 )]
transform = Transform3D( 1, 0, 0, 0, 1, 0, 0, 0, 1, -0.432639, 0, 0.64017 )

[node name="LeftPoint" parent="." instance=ExtResource( 1 )]
transform = Transform3D( 1, 0, 0, 0, 1, 0, 0, 0, 1, 0.496592, 0, 0.872961 )

[node name="AimPoint" parent="." instance=ExtResource( 1 )]
transform = Transform3D( 0.99996, 0, 0.00895342, 0, 1, 0, -0.00895342, 0, 0.99996, 0, 0, 0.696799 )
