[gd_scene load_steps=10 format=2]

[ext_resource path="res://MGF Scene/AssetsScene3D/AimPoint.tscn" type="PackedScene" id=1]
[ext_resource path="res://MGF Scene/Main Game/PlayerController.gd" type="Script" id=3]
[ext_resource path="res://Assets3D/Team/QB/M_ChienBinhDiaNguc.material" type="Material" id=4]
[ext_resource path="res://MGF Scene/AssetsScene3D/Player/Player3DPhysic.tres" type="PhysicsMaterial" id=5]

[sub_resource type="PlaneMesh" id=21]

[sub_resource type="BoxShape3D" id=11]
size = Vector3( 0.43, 0.025, 0.565 )

[sub_resource type="BoxShape3D" id=15]
size = Vector3( 0.61, 0.025, 0.175 )

[sub_resource type="BoxShape3D" id=16]
size = Vector3( 0.185, 0.025, 0.645 )

[sub_resource type="BoxShape3D" id=12]
size = Vector3( 0.162335, 0.025, 0.165 )

[node name="Character" type="RigidBody3D" groups=["units"]]
mass = 10.0
physics_material_override = ExtResource( 5 )
axis_lock_linear_y = true
axis_lock_angular_x = true
axis_lock_angular_z = true
script = ExtResource( 3 )
playerName = "Chiến Binh Địa Ngục"

[node name="MeshInstance3D" type="MeshInstance3D" parent="."]
transform = Transform3D( 1.2, 0, 0, 0, 5, 0, 0, 0, 1.2, -0.00312075, 0.01, -0.0182499 )
mesh = SubResource( 21 )
material/0 = ExtResource( 4 )

[node name="CollisionShape3D" type="CollisionShape3D" parent="."]
transform = Transform3D( 0.996891, 0, 0.0787897, 0, 1, 0, -0.0787897, 0, 0.996891, 0.0293874, 0, -0.171658 )
shape = SubResource( 11 )

[node name="CollisionShape2" type="CollisionShape3D" parent="."]
transform = Transform3D( 0.418962, 0, 0.908006, 0, 1, 0, -0.908006, 0, 0.418962, -0.365679, 0, 0.424854 )
shape = SubResource( 15 )

[node name="CollisionShape3" type="CollisionShape3D" parent="."]
transform = Transform3D( 0.934982, 0, 0.354699, 0, 1, 0, -0.354699, 0, 0.934982, 0.408426, 0, 0.449328 )
shape = SubResource( 16 )

[node name="CollisionShape4" type="CollisionShape3D" parent="."]
transform = Transform3D( 1, 0, 0, 0, 1, 0, 0, 0, 1, 0.0428867, 0, -0.83703 )
shape = SubResource( 12 )

[node name="PivotPoint" parent="." instance=ExtResource( 1 )]

[node name="RightPoint" parent="." instance=ExtResource( 1 )]
transform = Transform3D( 1, 0, 0, 0, 1, 0, 0, 0, 1, -0.531267, 0, 0.905224 )

[node name="LeftPoint" parent="." instance=ExtResource( 1 )]
transform = Transform3D( 1, 0, 0, 0, 1, 0, 0, 0, 1, 0.615266, 0, 0.988251 )

[node name="AimPoint" parent="." instance=ExtResource( 1 )]
transform = Transform3D( 0.99996, 0, 0.00895342, 0, 1, 0, -0.00895342, 0, 0.99996, 0, 0, 0.889804 )
